((("kbd" .
   [1 0 0])
  ("load" .
   [1 0 0 0])
  ("setq" .
   [2 0 0 0])
  ("ido-vertical-mode" .
   [0 0 0 0 0 0 0 1 0 0 0 0 0 0 0 0 0])
  ("eval-after-load" .
   [0 0 0 0 0 0 0 1 0 0 0 0 0 0 0])
  ("load-file" .
   [0 0 0 0 0 0 0 0 1])
  ("beginning-of-line" .
   [0 0 0 0 1 0 0 0 0 0 0 0 0 0 0 0 0])
  ("me/set-mark" .
   [0 0 0 0 0 1 0 0 0 0 0])
  ("end-of-line" .
   [0 0 0 0 0 0 0 0 0 1 0])
  ("fft" .
   [1 0 0])
  ("furier" .
   [1 0 0 0 1 0])
  ("sin" .
   [1 0 0])
  ("left" .
   [3 0 0 0])
  ("arange" .
   [1 0 0 0 0 0])
  ("nsamples" .
   [3 0 0 0 1 0 0 0])
  ("getframerate" .
   [0 0 0 0 0 0 1 0 0 0 0 0])
  ("getnframes" .
   [0 0 0 0 0 1 0 0 0 0])
  ("shape" .
   [1 0 0 0 0])
  ("tmp" .
   [2 0 0])
  ("getnchannels" .
   [0 0 0 0 1 0 0 0 0 0 0 0])
  ("signal" .
   [20 0 0 0 0 0])
  ("fra" .
   [1 0 0])
  ("soundFile" .
   [0 0 0 0 3 5 1 0 0])
  ("open" .
   [3 0 0 0])
  ("wave" .
   [4 0 0 0])
  ("pylab" .
   [1 0 0 0 0])
  ("500" .
   [2 0 0])
  ("float" .
   [4 0 0 0 0])
  ("tot" .
   [1 0 1])
  ("if" .
   [7 0])
  ("in" .
   [9 0])
  ("sigma" .
   [1 0 0 0 0])
  ("zeros" .
   [1 0 1 0 2])
  ("fig" .
   [2 0 0])
  ("plt" .
   [3 0 0])
  ("rand" .
   [1 0 0 0])
  ("random" .
   [3 0 0 0 1 0])
  ("as" .
   [7 0])
  ("uniform" .
   [1 0 0 0 0 0 0])
  ("xrange" .
   [5 0 0 0 0 0])
  ("for" .
   [10 0 0])
  ("int" .
   [5 0 0])
  ("rho" .
   [1 0 0])
  ("from" .
   [11 0 1 0])
  ("scitools" .
   [2 0 0 0 0 0 0 0])
  ("std" .
   [2 0 0])
  ("import" .
   [16 0 0 0 0 0])
  ("print" .
   [16 0 0 0 0])
  ("sum" .
   [1 0 0])
  ("B_d" .
   [2 0 0])
  ("len" .
   [1 0 0])
  ("plot" .
   [13 0 0 0])
  ("raw_input" .
   [0 0 1 2 3 0 1 1 0])
  ("10" .
   [1 0])
  ("linspace" .
   [4 0 0 0 2 0 0 0])
  ("100" .
   [3 0 0])
  ("legend" .
   [3 0 0 0 0 0])
  ("alias" .
   [1 0 0 0 0])
  ("not" .
   [1 0 0])
  ("callable" .
   [0 0 0 0 0 0 1 0])
  ("raise" .
   [3 0 0 0 0])
  ("TypeError" .
   [0 0 0 0 1 0 0 0 0])
  ("type" .
   [3 0 0 0])
  ("lambda" .
   [3 0 0 0 0 0])
  ("np" .
   [6 0])
  ("asarray" .
   [2 0 0 0 0 2 0])
  ("numpy" .
   [1 0 0 0 0])
  ("U0" .
   [7 0])
  ("self" .
   [31 0 1 1])
  ("neq" .
   [7 0 1])
  ("size" .
   [6 0 1 0])
  ("try" .
   [1 0 0])
  ("except" .
   [0 0 1 0 0 0])
  ("IndexError" .
   [0 0 0 0 2 0 0 0 0 0])
  ("str" .
   [2 0 0])
  ("range" .
   [1 0 0 0 0])
  ("f0" .
   [2 0])
  ("ValueError" .
   [0 0 0 0 1 0 0 0 0 0])
  ("evaluation" .
   [1 0 0 0 0 0 0 0 0 0])
  ("eval" .
   [1 0 0 0])
  ("None" .
   [2 0 0 0])
  ("teminate" .
   [0 0 0 0 0 0 2 0])
  ("is" .
   [3 0])
  ("terminate" .
   [1 0 0 1 0 0 0 0 0])
  ("False" .
   [5 0 0 0 0])
  ("t_values" .
   [2 0 1 0 1 0 0 0])
  ("will" .
   [1 0 0 0])
  ("solution" .
   [1 0 0 0 0 0 0 0])
  ("with" .
   [1 0 0 0])
  ("else" .
   [1 0 0 0])
  ("init" .
   [1 0 0 0])
  ("conditions" .
   [1 0 0 0 0 0 0 0 0 0])
  ("time" .
   [1 0 0 0])
  ("loop" .
   [2 0 0 0])
  ("class" .
   [1 0 0 0 0])
  ("to" .
   [1 0])
  ("advance" .
   [2 0 1 0 0 0 0])
  ("next" .
   [1 0 0 0])
  ("value" .
   [2 0 0 0 0])
  ("func" .
   [1 0 0 0])
  ("the" .
   [3 0 0])
  ("stopped" .
   [1 0 0 0 0 0 0])
  ("break" .
   [1 0 0 0 0])
  ("stop" .
   [1 0 0 0])
  ("solving" .
   [1 0 0 0 0 0 0])
  ("def" .
   [9 0 0])
  ("method" .
   [6 0 0 0 0 0])
  ("implementation" .
   [1 0 0 0 0 0 0 0 0 0 0 0 0 0])
  ("of" .
   [2 0])
  ("RungeKutta4" .
   [0 0 0 2 0 3 0 0 0 0 0])
  ("or" .
   [1 0])
  ("different" .
   [1 0 0 0 0 0 0 0 0])
  ("override" .
   [1 0 0 0 0 0 0 0])
  ("this" .
   [1 0 0 0])
  ("assume" .
   [2 0 0 0 0 0])
  ("have" .
   [1 0 0 0])
  ("dt" .
   [11 0])
  ("call" .
   [1 0 0 0])
  ("are" .
   [1 0 0])
  ("dt2" .
   [3 0 0])
  ("compute" .
   [1 0 0 0 0 0 0])
  ("K1" .
   [3 0])
  ("K2" .
   [3 0])
  ("K3" .
   [3 0])
  ("K4" .
   [2 0])
  ("four" .
   [1 0 0 0])
  ("return" .
   [8 0 1 0 0 0])
  ("__name__" .
   [2 0 0 0 0 0 0 0])
  ("81" .
   [1 0])
  ("Class" .
   [1 0 0 0 0])
  ("ForwardEuler" .
   [1 0 0 0 0 0 0 0 1 0 0 0])
  ("hold" .
   [1 0 0 0])
  ("Forward" .
   [0 0 0 0 0 0 1])
  ("m_e" .
   [7 0 0])
  ("hbar" .
   [1 0 0 0])
  ("basis" .
   [4 0 0 0 0])
  ("m_p" .
   [3 0 0])
  ("mu_H" .
   [1 0 0 0])
  ("mu_He" .
   [1 0 0 0 0])
  ("const" .
   [8 0 0 0 0])
  ("wavelength" .
   [0 0 0 1 0 1 0 0 0 0])
  ("1000" .
   [2 0 0 0])
  ("savefig" .
   [4 0 0 0 0 0 0])
  ("RK4" .
   [3 0 0])
  ("Exact" .
   [0 0 0 2 0])
  ("exact_z" .
   [0 0 1 0 0 0 2])
  ("sqrt" .
   [4 0 0 0])
  ("exp" .
   [5 0 0])
  ("cos" .
   [2 0 0])
  ("diff" .
   [3 0 0 0])
  ("max" .
   [5 0 0])
  ("abs" .
   [4 0 0])
  ("log" .
   [1 0 0])
  ("scale" .
   [2 0 0 0 0])
  ("show" .
   [8 0 0 0])
  ("false" .
   [1 0 0 0 0])
  ("show_A" .
   [3 0 0 1 0 0])
  ("solver" .
   [7 0 0 0 0 0])
  ("solve" .
   [4 0 0 1 0])
  ("z_under" .
   [1 0 0 0 0 0 0])
  ("z_crit" .
   [1 0 0 0 0 0])
  ("z_over" .
   [0 0 0 0 0 1])
  ("xlabel" .
   [3 0 0 0 0 0])
  ("ylabel" .
   [3 0 0 0 0 0])
  ("show_B" .
   [0 0 0 1 0 0])
  ("figure" .
   [4 0 0 0 0 0])
  ("omega_F" .
   [2 0 0 0 0 1 0])
  ("omega0_sq" .
   [0 0 1 0 0 0 0 0 0])
  ("set_initial_condition" .
   [0 0 0 0 1 0 0 0 0 0 0 0 0 0 0 0 0 0 0 0 0])
  ("subplot" .
   [2 0 0 0 0 0 0])
  ("z_res" .
   [1 0 0 0 1])
  ("z_nres" .
   [0 0 0 0 0 1])
  ("True" .
   [2 0 2 0])
  ("show_C" .
   [0 0 0 0 2 0])
  ("a_c" .
   [1 0 0])
  ("omega_0" .
   [0 0 0 0 0 1 0])
  ("omega" .
   [3 0 0 0 0])
  ("omega_i" .
   [1 0 0 0 0 0 0])
  ("show_D" .
   [0 0 0 0 1 0])
  ("omega0" .
   [2 0 0 0 0 0])
  ("PsiR" .
   [7 0 0 0])
  ("Psi" .
   [2 0 0])
  ("sparse" .
   [1 0 0 0 0 0])
  ("linalg" .
   [0 0 0 0 1 0])
  ("spsolve" .
   [0 0 0 0 0 1 0])
  ("ax" .
   [1 0])
  ("label" .
   [2 0 0 0 0])
  ("Psi0" .
   [2 0 0 0])
  ("l_i" .
   [1 0 0])
  ("Psi_R" .
   [1 0 0 0 0])
  ("Ts_rel" .
   [2 0 0 0 0 0])
  ("T_i_rel" .
   [1 0 0 0 0 0 0])
  ("Es" .
   [1 0])
  ("T_theo" .
   [0 0 0 0 1 0])
  ("LaTeX-mode" .
   [0 0 0 0 0 1 0 0 0 0])
  ("load-library" .
   [0 0 0 0 0 0 0 0 1 0 0 1])
  ("turn-on-my-mode" .
   [0 0 0 0 0 0 0 0 0 0 1 0 0 0 0])
  ("define-key" .
   [0 0 0 0 0 0 2 0 0 0])))
